% -------------------------------------------------------------------
%  Generated by MATLAB on 15-Sep-2015 16:02:44
%  MATLAB version: 8.5.0.197613 (R2015a)
% -------------------------------------------------------------------
                                              

coef = [2.1552820102330924E-15 -4.8735720401842347E-5 3.6471203396800143E-15 ...
        -0.00011648569881940468 5.8325560485908366E-15 -0.00022833919563767895 ...
        8.4413319659691131E-15 -0.00040074616608949665 1.1878861426519404E-14 ...
        -0.00065351944451407591 1.5491715736262496E-14 -0.0010100646990719997 ...
        1.9725611617866806E-14 -0.001497612882324107 2.4150110805903875E-14 ...
        -0.0021474980587590808 2.88474355016625E-14 -0.0029955511698232773 ...
        3.3645711554143367E-14 -0.0040827207544248661 3.8366707379311174E-14 ...
        -0.0054560931375533788 4.2791379804728796E-14 -0.0071705824174647667 ...
        4.65542097561472E-14 -0.0092917238208617414 4.9651254644798436E-14 ...
        -0.01190028999264083 5.1897800458250168E-14 -0.015099976372343709 ...
        5.2996196392833752E-14 -0.019030423661626484 5.2880398564843147E-14 ...
        -0.0238899471258389 5.1620037731436948E-14 -0.029976966415661922 ...
        4.887444940511051E-14 -0.037770158995224332 4.489391442155955E-14 ...
        -0.048096444735743267 3.9672097945736988E-14 -0.062523174745336113 ...
        3.3324212819727848E-14 -0.084422579229727651 2.581340555738607E-14 ...
        -0.12259029528637751 1.77298866196503E-14 -0.20933621071629918 ...
        8.9392259204883679E-15 -0.635657901226653 0 0.635657901226653 -8.9392259204883679E-15 ...
        0.20933621071629918 -1.77298866196503E-14 0.12259029528637751 -2.581340555738607E-14 ...
        0.084422579229727651 -3.3324212819727848E-14 0.062523174745336113 ...
        -3.9672097945736988E-14 0.048096444735743267 -4.489391442155955E-14 ...
        0.037770158995224332 -4.887444940511051E-14 0.029976966415661922 ...
        -5.1620037731436948E-14 0.0238899471258389 -5.2880398564843147E-14 ...
        0.019030423661626484 -5.2996196392833752E-14 0.015099976372343709 ...
        -5.1897800458250168E-14 0.01190028999264083 -4.9651254644798436E-14 ...
        0.0092917238208617414 -4.65542097561472E-14 0.0071705824174647667 ...
        -4.2791379804728796E-14 0.0054560931375533788 -3.8366707379311174E-14 ...
        0.0040827207544248661 -3.3645711554143367E-14 0.0029955511698232773 ...
        -2.88474355016625E-14 0.0021474980587590808 -2.4150110805903875E-14 ...
        0.001497612882324107 -1.9725611617866806E-14 0.0010100646990719997 ...
        -1.5491715736262496E-14 0.00065351944451407591 -1.1878861426519404E-14 ...
        0.00040074616608949665 -8.4413319659691131E-15 0.00022833919563767895 ...
        -5.8325560485908366E-15 0.00011648569881940468 -3.6471203396800143E-15 ...
        4.8735720401842347E-5 -2.1552820102330924E-15];

