%breakable probe; either 1 or 2; either 3 or 4.  

exceldata=[];

exceldata=[

         103          20         300           1
         102          20         350           1
         101          20         400           1
         100          20         450           1
          99          20         500           1
          98          20         550           1
          97          20         600           1
         104          20         650           1
         105          20         700           1
         106          20         750           1
         107          20         800           1
         108          20         850           1
         109          20         900           1
         110          20         950           1
         111          20        1000           1
         112          20        1050           1
         113          20         250           1
         114          20         200           1
         115          20         150           1
         116          20         100           1
         117          16          50           1
         118           0          25           1
         119           0         125           1
         120           0         225           1
         121           0         325           1
         122           0         425           1
         123           0         525           1
         124           0         625           1
         125           0         725           1
         126           0         825           1
         127           0         925           1
         128           0        1025           1
          65           0         975           1
          66           0         875           1
          67           0         775           1
          68           0         675           1
          69           0         575           1
          70           0         475           1
          71           0         375           1
          72           0         275           1
          73           0         175           1
          74           0          75           1
          75           0           0           1
          76         -16          50           1
          77         -20         100           1
          78         -20         150           1
          79         -20         200           1
          80         -20         250           1
          81         -20         300           1
          82         -20        1050           1
          83         -20        1000           1
          84         -20         950           1
          85         -20         900           1
          86         -20         850           1
          87         -20         800           1
          88         -20         750           1
          89         -20         700           1
          96         -20         650           1
          95         -20         600           1
          94         -20         550           1
          93         -20         500           1
          92         -20         450           1
          91         -20         400           1
          90         -20         350           1
          26       -2980         300           3
          27       -2980         350           3
          28       -2980         400           3
          29       -2980         450           3
          30       -2980         500           3
          31       -2980         550           3
          32       -2980         600           3
          25       -2980         650           3
          24       -2980         700           3
          23       -2980         750           3
          22       -2980         800           3
          21       -2980         850           3
          20       -2980         900           3
          19       -2980         950           3
          18       -2980        1000           3
          17       -2980        1050           3
          16       -2980         250           3
          15       -2980         200           3
          14       -2980         150           3
          13       -2980         100           3
          12       -2984          50           3
          11       -3000          25           3
          10       -3000         125           3
           9       -3000         225           3
           8       -3000         325           3
           7       -3000         425           3
           6       -3000         525           3
           5       -3000         625           3
           4       -3000         725           3
           3       -3000         825           3
           2       -3000         925           3
           1       -3000        1025           3
          64       -3000         975           3
          63       -3000         875           3
          62       -3000         775           3
          61       -3000         675           3
          60       -3000         575           3
          59       -3000         475           3
          58       -3000         375           3
          57       -3000         275           3
          56       -3000         175           3
          55       -3000          75           3
          54       -3000           0           3
          53       -3016          50           3
          52       -3020         100           3
          51       -3020         150           3
          50       -3020         200           3
          49       -3020         250           3
          48       -3020         300           3
          47       -3020        1050           3
          46       -3020        1000           3
          45       -3020         950           3
          44       -3020         900           3
          43       -3020         850           3
          42       -3020         800           3
          41       -3020         750           3
          40       -3020         700           3
          33       -3020         650           3
          34       -3020         600           3
          35       -3020         550           3
          36       -3020         500           3
          37       -3020         450           3
          38       -3020         400           3
          39       -3020         350           3
         103       -2020         350           2
         102       -2020         400           2
         101       -2020         450           2
         100       -2020         500           2
          99       -2020         550           2
          98       -2020         600           2
          97       -2020         650           2
         104       -2020         700           2
         105       -2020         750           2
         106       -2020         800           2
         107       -2020         850           2
         108       -2020         900           2
         109       -2020         950           2
         110       -2020        1000           2
         111       -2020        1050           2
         112       -2020         300           2
         113       -2020         250           2
         114       -2020         200           2
         115       -2020         150           2
         116       -2020         100           2
         117       -2016          50           2
         118       -2000           0           2
         119       -2000          75           2
         120       -2000         175           2
         121       -2000         275           2
         122       -2000         375           2
         123       -2000         475           2
         124       -2000         575           2
         125       -2000         675           2
         126       -2000         775           2
