exceldata=[];

exceldata=[                 
             1           0         645           1
           2           0         570           1
           3         -16         620           1
           4         -20         670           1
           5         -20         720           1
           6         -20         770           1
           7         -20         820           1
           8         -20         870           1
           9         -20        1370           1
          10         -20        1320           1
          11         -20        1270           1
          12         -20        1220           1
          13         -20        1170           1
          14         -20        1120           1
          15         -20        1070           1
          16         -20        1020           1
          17         -20         970           1
          18         -20         920           1
          19        -280         680           2
          20        -280         730           2
          21        -280         780           2
          22        -280         830           2
          23        -280         880           2
          24        -280         930           2
          25        -280         980           2
          26        -280         530           2
          27        -280         580           2
          28        -280         630           2
          29        -280        1180           2
          30        -280        1130           2
          31        -280        1080           2
          32        -280        1030           2
          33          20        1170           1
          34          20        1120           1
          35          20        1070           1
          36          20        1020           1
          37          20         970           1
          38          20         920           1
          39          20         870           1
          40          20        1220           1
          41          20        1270           1
          42          20        1320           1
          43          20        1370           1
          44          20         820           1
          45          20         770           1
          46          20         720           1
          47          20         670           1
          48          20         620           1
          49           0         595           1
          50           0         695           1
          51           0         795           1
          52           0         895           1
          53           0         995           1
          54           0        1095           1
          55           0        1195           1
          56           0        1295           1
          57           0        1395           1
          58           0        1345           1
          59           0        1245           1
          60           0        1145           1
          61           0        1045           1
          62           0         945           1
          63           0         845           1
          64           0         745           1
          65        -320         930           2
          66        -320         980           2
          67        -320        1030           2
          68        -320        1080           2
          69        -320        1130           2
          70        -320        1180           2
          71        -320         680           2
          72        -320         630           2
          73        -320         580           2
          74        -320         530           2
          75        -320         480           2
          76        -316         430           2
          77        -300         380           2
          78        -300         455           2
          79        -300         555           2
          80        -300         655           2
          81        -300         755           2
          82        -300         855           2
          83        -300         955           2
          84        -300        1055           2
          85        -300        1155           2
          86        -300        1205           2
          87        -300        1105           2
          88        -300        1005           2
          89        -300         905           2
          90        -280         480           2
          91        -284         430           2
          92        -300         405           2
          93        -300         505           2
          94        -300         605           2
          95        -300         705           2
          96        -300         805           2
          97        -700         715           3
          98        -700         815           3
          99        -700         915           3
         100        -700        1015           3
         101        -700         965           3
         102        -700         865           3
         103        -700         765           3
         104        -700         615           3
         105        -700         515           3
         106        -700         415           3
         107        -700         315           3
         108        -700         215           3
         109        -684         240           3
         110        -680         290           3
         111        -680         340           3
         112        -680         390           3
         113        -680         440           3
         114        -680         990           3
         115        -680         940           3
         116        -680         890           3
         117        -680         840           3
         118        -680         790           3
         119        -680         740           3
         120        -680         690           3
         121        -680         640           3
         122        -680         590           3
         123        -680         540           3
         124        -680         490           3
         125        -320         730           2
         126        -320         780           2
         127        -320         830           2
         128        -320         880           2
         129       -1050         775           4
         130       -1050         725           4
         131       -1050         675           4
         132       -1050         625           4
         133       -1050         575           4
         134       -1050         525           4
         135       -1050         475           4
         136       -1050         425           4
         137       -1050         375           4
         138       -1050         325           4
         139        -720         540           3
         140        -720         590           3
         141        -720         640           3
         142        -720         690           3
         143        -720         740           3
         144        -720         790           3
         145        -720         840           3
         146        -720         890           3
         147        -720         940           3
         148        -720         990           3
         149        -720         490           3
         150        -720         440           3
         151        -720         390           3
         152        -720         340           3
         153        -720         290           3
         154        -700         665           3
         155        -700         565           3
         156        -700         465           3
         157        -700         365           3
         158        -700         265           3
         159        -700         190           3
