exceldata=[];

exceldata = [
           1          10         175           1
           2          10         225           1
           3          10         275           1
           4          10         325           1
           5          10         375           1
           6          10         425           1
           7          10         475           1
           8          10         525           1
           9          10         575           1
          10          10         625           1
          11          10         675           1
          12          10         725           1
          13          10         775           1
          14          10         125           1
          15          10          75           1
          16           6          25           1
          17           0           0           1
          18         -10          50           1
          19         -10         100           1
          20         -10         750           1
          21         -10         700           1
          22         -10         650           1
          23         -10         600           1
          24         -10         550           1
          25         -10         500           1
          26         -10         150           1
          27         -10         200           1
          28         -10         250           1
          29         -10         300           1
          30         -10         350           1
          31         -10         400           1
          32         -10         450           1
          
          33         340         475           2
          34         340         425           2
          35         340         375           2
          36         340         325           2
          37         340         275           2
          38         340         225           2
          39         340         175           2
          40         340         525           2
          41         340         575           2
          42         340         625           2
          43         340         675           2
          44         340         725           2
          45         340         775           2
          46         340         125           2
          47         340          75           2
          48         336          25           2
          49         330           0           2
          50         320          50           2
          51         320         100           2
          52         320         750           2
          53         320         700           2
          54         320         650           2
          55         320         600           2
          56         320         550           2
          57         320         500           2
          58         320         450           2
          59         320         400           2
          60         320         350           2
          61         320         300           2
          62         320         250           2
          63         320         200           2
          64         320         150           2
          
          65         670         175           3
          66         670         225           3
          67         670         275           3
          68         670         325           3
          69         670         375           3
          70         670         425           3
          71         670         475           3
          72         670         525           3
          73         670         575           3
          74         670         625           3
          75         670         675           3
          76         670         725           3
          77         670         775           3
          78         670         125           3
          79         670          75           3
          80         666          25           3
          81         660           0           3
          82         650          50           3
          83         650         100           3
          84         650         750           3
          85         650         700           3
          86         650         650           3
          87         650         600           3
          88         650         550           3
          89         650         500           3
          90         650         150           3
          91         650         200           3
          92         650         250           3
          93         650         300           3
          94         650         350           3
          95         650         400           3
          96         650         450           3
          
          97        1000         475           4
          98        1000         425           4
          99        1000         375           4
         100        1000         325           4
         101        1000         275           4
         102        1000         225           4
         103        1000         175           4
         104        1000         525           4
         105        1000         575           4
         106        1000         625           4
         107        1000         675           4
         108        1000         725           4
         109        1000         775           4
         110        1000         125           4
         111        1000          75           4
         112         996          25           4
         113         990           0           4
         114         980          50           4
         115         980         100           4
         116         980         750           4
         117         980         700           4
         118         980         650           4
         119         980         600           4
         120         980         550           4
         121         980         500           4
         122         980         450           4
         123         980         400           4
         124         980         350           4
         125         980         300           4
         126         980         250           4
         127         980         200           4
         128         980         150           4
        
         129          10        -625           1
         130          10        -575           1
         131          10        -525           1
         132          10        -475           1
         133          10        -425           1
         134          10        -375           1
         135          10        -325           1
         136          10        -275           1
         137          10        -225           1
         138          10        -175           1
         139          10        -125           1
         140          10         -75           1
         141          10         -25           1
         142          10        -675           1
         143          10        -725           1
         144           6        -775           1
         145           0        -800           1
         146         -10        -750           1
         147         -10        -700           1
         148         -10         -50           1
         149         -10        -100           1
         150         -10        -150           1
         151         -10        -200           1
         152         -10        -250           1
         153         -10        -300           1
         154         -10        -650           1
         155         -10        -600           1
         156         -10        -550           1
         157         -10        -500           1
         158         -10        -450           1
