exceldata=[];

exceldata=[
           1           0         975           1
           2           0         875           1
           3           0         775           1
           4           0         675           1
           5           0         575           1
           6           0         475           1
           7           0         375           1
           8           0         275           1
           9           0         175           1
          10           0          75           1
          11           0           0           1
          12         -16          50           1
          13         -20         100           1
          14         -20         150           1
          15         -20         200           1
          16         -20         250           1
          17         -20         300           1
          18         -20        1050           1
          19         -20        1000           1
          20         -20         950           1
          21         -20         900           1
          22         -20         850           1
          23         -20         800           1
          24         -20         750           1
          25         -20         700           1
          26         -20         350           1
          27         -20         400           1
          28         -20         450           1
          29         -20         500           1
          30         -20         550           1
          31         -20         600           1
          32         -20         650           1
          33          20         600           1
          34          20         550           1
          35          20         500           1
          36          20         450           1
          37          20         400           1
          38          20         350           1
          39          20         300           1
          40          20         650           1
          41          20         700           1
          42          20         750           1
          43          20         800           1
          44          20         850           1
          45          20         900           1
          46          20         950           1
          47          20        1000           1
          48          20        1050           1
          49          20         250           1
          50          20         200           1
          51          20         150           1
          52          20         100           1
          53          16          50           1
          54           0          25           1
          55           0         125           1
          56           0         225           1
          57           0         325           1
          58           0         425           1
          59           0         525           1
          60           0         625           1
          61           0         725           1
          62           0         825           1
          63           0         925           1
          64           0        1025           1
          65        -400        1025           2
          66        -400         925           2
          67        -400         825           2
          68        -400         725           2
          69        -400         625           2
          70        -400         525           2
          71        -400         425           2
          72        -400         325           2
          73        -400         225           2
          74        -400         125           2
          75        -400          25           2
          76        -384          50           2
          77        -380         100           2
          78        -380         150           2
          79        -380         200           2
          80        -380         250           2
          81        -380        1050           2
          82        -380        1000           2
          83        -380         950           2
          84        -380         900           2
          85        -380         850           2
          86        -380         800           2
          87        -380         750           2
          88        -380         700           2
          89        -380         650           2
          90        -380         300           2
          91        -380         350           2
          92        -380         400           2
          93        -380         450           2
          94        -380         500           2
          95        -380         550           2
          96        -380         600           2
          97        -420         650           2
          98        -420         600           2
          99        -420         550           2
         100        -420         500           2
         101        -420         450           2
         102        -420         400           2
         103        -420         350           2
         104        -420         700           2
         105        -420         750           2
         106        -420         800           2
         107        -420         850           2
         108        -420         900           2
         109        -420         950           2
         110        -420        1000           2
         111        -420        1050           2
         112        -420         300           2
         113        -420         250           2
         114        -420         200           2
         115        -420         150           2
         116        -420         100           2
         117        -416          50           2
         118        -400           0           2
         119        -400          75           2
         120        -400         175           2
         121        -400         275           2
         122        -400         375           2
         123        -400         475           2
         124        -400         575           2
         125        -400         675           2
         126        -400         775           2
         127        -400         875           2
         128        -400         975           2
         129        -800        1025           3
         130        -800         925           3
         131        -800         825           3
         132        -800         725           3
         133        -800         625           3
         134        -800         525           3
         135        -800         425           3
         136        -800         325           3
         137        -800         225           3
         138        -800         125           3
         139        -800          25           3
         140        -784          50           3
         141        -780         100           3
         142        -780         150           3
         143        -780         200           3
         144        -780         250           3
         145        -780        1050           3
         146        -780        1000           3
         147        -780         950           3
         148        -780         900           3
         149        -780         850           3
         150        -780         800           3
         151        -780         750           3
         152        -780         700           3
         153        -780         650           3
         154        -780         300           3
         155        -780         350           3
         156        -780         400           3
         157        -780         450           3
         158        -780         500           3
         159        -780         550           3
