nlxCoefs=[0.19955031812153762, 0.00059574074943360088, 0.0005848221837238761, 0.00058975214875381669, 0.00057463189216548801, 0.0005756894102820632, 0.00055629842140613285, 0.00055365591097539864, 0.00053260303638136633, 0.00052535892949807288, 0.00049942085504275273, 0.00048991772644852328, 0.00045995191845218426, 0.00044750304931065617, 0.00041371608239583972, 0.00039831705097777314, 0.00036168412634980077, 0.00034347815357076139, 0.00030359516177799474, 0.00028361105644881526, 0.00024044743358596053, 0.00021910218537690408, 0.00017302791876989152, 0.0001505965695204903, 0.0001021107726478002, 0.000078799564945413912, 0.000028154963272556987, 0.0000053823302441028638, -0.000048314164182823741, -0.000069458254139783014, -0.00012589303964125547, -0.00014381529563885985, -0.00020331385525372897, -0.00021794375281050904, -0.00027946944099462105, -0.0002835581751871455, -0.00035419003802791312, -0.00033567794379265209, -0.0004246313610884737, -0.00029563593582973509, -0.00045837222789323246, -0.00067238312280517513, -0.00056494002700677767, -0.00065113564390141532, -0.00063913111396038261, -0.00070153572973243267, -0.00070702755268726395, -0.00075656467802426709, -0.00076809505738730085, -0.00081184233620933382, -0.00082415043740509072, -0.00086160309433613933, -0.00087422703921135236, -0.00090611399839079078, -0.00091783877253297946, -0.00094416629860156185, -0.00095393824101745739, -0.00097573498706184742, -0.00098252038596269103, -0.00099970012960456781, -0.0010035403516395064, -0.0010157618817402756, -0.0010166106948791243, -0.0010238136896394685, -0.0010214897938884723, -0.0010239745247971617, -0.0010175644211210459, -0.0010159930190130114, -0.0010059121286027863, -0.00099931691174455148, -0.00098572976666895149, -0.0009740074989207124, -0.0009584056034554454, -0.00094096291013619454, -0.00091950689198168995, -0.00090041029331793367, -0.00087622719139525222, -0.00085186555393427458, -0.00082499725122128754, -0.00079177170771686507, -0.000837004071207343 , -0.00076028164750856979, -0.0007214727115594983, -0.00069373993976804742, -0.00065611650825938412, -0.0006248053156355718, -0.0005855106375649208, -0.00055124109830939053, -0.00051233402777511958, -0.00047559648523025572, -0.00043438402278432559, -0.00039690866544339349, -0.00035445931963617658, -0.00031596970993283592, -0.00027266632810903779, -0.00023317414877596724, -0.00019003911210704034, -0.00014994303974315593, -0.00010672744831198401, -0.000067054853402085732, -0.000023899340290292651, 0.000015024919300780333, 0.000057467032886798025, 0.000095482104849577254, 0.00013652701247281843, 0.00017369725338786657, 0.00021293811806151087, 0.00024787421627006309, 0.00028606511071947456, 0.00031850399622105973, 0.0003547886182549271, 0.00038388016093329286, 0.00041746578264476887, 0.00044641552257354257, 0.00047462140800219929, 0.00049701337101096255, 0.00052470472366916428, 0.00054087403039141811, 0.00056718130403202128, 0.00056498928001244098, 0.00058816051141541014, 0.0006296245896605957, 0.00062722356160533818, 0.00064547868650894399, 0.00064966928168740004, 0.00066107222185449578, 0.00066354198427567292, 0.00066867146501234842, 0.00066757963937085765, 0.00066955995145028847, 0.00066415544594607048, 0.00066142316920022107, 0.00065259892059052211, 0.0006453818570982589, 0.00063313989117188521, 0.00062137795697913027, 0.00060535077813706861, 0.00058996067128620809, 0.00056987212667763433, 0.00055082497835030268, 0.0005273027843846345, 0.00050435450984008263, 0.00047776684240490133, 0.00045112894552866016, 0.00042172631622521451, 0.00039199153303989565, 0.00035904816971650885, 0.0003270669497346073, 0.00029174943151405892, 0.00025660358252313216, 0.00021921517518612256, 0.00018075021498279779, 0.00014385855156131349, 0.00010223397207811898, 0.000058988360478727351, 0.000018953247019665088, -0.000024278071590334759, -0.000066644753148481685, -0.00011064935862753619, -0.00015733562723128203, -0.00018070383448867304, -0.00023079510076706668, -0.00027768236052112653, -0.00031740720188393949, -0.00036220310083509691, -0.00040188950424414232, -0.000445680465932643 , -0.00048510319863153523, -0.00052602269525776771, -0.00056406694968178623, -0.00060409498431957659, -0.00063965522317662045, -0.00067771511135011463, -0.00071092717351572911, -0.00074658844391418749, -0.00077755729532137023, -0.00081001365631428411, -0.00083831990557293307, -0.00086788627635970368, -0.00089266416434966456, -0.0009193048529832008, -0.00094050039634246485, -0.00096362243474074159, -0.0009812450787349972, -0.0010003335196823555, -0.001014765342222929 , -0.0010297606249509588, -0.0010395186215407151, -0.001051445269841118 , -0.0010569709077051159, -0.0010652130591730842, -0.0010658058265293987, -0.0010689516689644167, -0.0010709691784157609, -0.0010671659198511912, -0.0010599420264612515, -0.0010546751232178226, -0.0010423855401202051, -0.0010340985741275517, -0.0010119862786805525, -0.00099621762521515545, -0.00098822071256186579, -0.00096473843121974235, -0.00094492372811898857, -0.00092128917294853347, -0.00089673943779991949, -0.00087060420173677938, -0.0008414623495003673, -0.0008117436149429069, -0.00078044215643624114, -0.00074750899002115276, -0.00071294609272933723, -0.00067779123286820005, -0.00064042297048449461, -0.00060344290881131195, -0.0005636025440145506, -0.00052469180794924026, -0.00048342969821022966, -0.00044268499208702873, -0.00040016987098962582, -0.0003585532531262789, -0.00031472344475811683, -0.00027273594376712957, -0.00022805285291108  , -0.000186179238992041 , -0.00014153790613134887, -0.000099006038103440508, -0.000055250209812200723, -0.000013909560905477743, 0.000029851200901983217, 0.000069735451411668552, 0.00011417038031083699, 0.00014850511952965923, 0.00019163280073965848, 0.00023319003705129517, 0.00027087014312342038, 0.00030768255684771869, 0.00034427734103945865, 0.00037849116072647185, 0.00041563304631188797, 0.00043769602089944109, 0.00047007499210390745, 0.00049989251036129906, 0.00052603199001854234, 0.00055152654801471682, 0.00057471030912160047, 0.00059654314735272404, 0.00061694767634615949, 0.00063388056892242563, 0.00065025844586268555, 0.00066390425576848288, 0.00067575178197485503, 0.00068532046279674418, 0.00069289300236238501, 0.00069812215800521484, 0.00070176639787315363, 0.00070227096372955076, 0.00070176639787315363, 0.00069812215800521484, 0.00069289300236238501, 0.00068532046279674418, 0.00067575178197485503, 0.00066390425576848288, 0.00065025844586268555, 0.00063388056892242563, 0.00061694767634615949, 0.00059654314735272404, 0.00057471030912160047, 0.00055152654801471682, 0.00052603199001854234, 0.00049989251036129906, 0.00047007499210390745, 0.00043769602089944109, 0.00041563304631188797, 0.00037849116072647185, 0.00034427734103945865, 0.00030768255684771869, 0.00027087014312342038, 0.00023319003705129517, 0.00019163280073965848, 0.00014850511952965923, 0.00011417038031083699, 0.000069735451411668552, 0.000029851200901983217, -0.000013909560905477743, -0.000055250209812200723, -0.000099006038103440508, -0.00014153790613134887, -0.000186179238992041 , -0.00022805285291108  , -0.00027273594376712957, -0.00031472344475811683, -0.0003585532531262789, -0.00040016987098962582, -0.00044268499208702873, -0.00048342969821022966, -0.00052469180794924026, -0.0005636025440145506, -0.00060344290881131195, -0.00064042297048449461, -0.00067779123286820005, -0.00071294609272933723, -0.00074750899002115276, -0.00078044215643624114, -0.0008117436149429069, -0.0008414623495003673, -0.00087060420173677938, -0.00089673943779991949, -0.00092128917294853347, -0.00094492372811898857, -0.00096473843121974235, -0.00098822071256186579, -0.00099621762521515545, -0.0010119862786805525, -0.0010340985741275517, -0.0010423855401202051, -0.0010546751232178226, -0.0010599420264612515, -0.0010671659198511912, -0.0010709691784157609, -0.0010689516689644167, -0.0010658058265293987, -0.0010652130591730842, -0.0010569709077051159, -0.001051445269841118 , -0.0010395186215407151, -0.0010297606249509588, 