exceldata=[];

exceldata=[         
            1           0         420           1
           2           0         320           1
           3           0         220           1
           4           0         120           1
           5         -14         145           1
           6         -18         195           1
           7         -20         245           1
           8         -20         295           1
           9         -20         345           1
          10         -20         395           1
          11         -20         995           1
          12         -20         945           1
          13         -20         895           1
          14         -20         845           1
          15         -20         795           1
          16         -20         745           1
          17         -20         695           1
          18         -20         645           1
          19         -20         595           1
          20         -20         545           1
          21         -20         495           1
          22         -20         445           1
          23        -280         325           2
          24        -280         375           2
          25        -280         425           2
          26        -280         775           2
          27        -280         725           2
          28        -280         675           2
          29        -280         625           2
          30        -280         575           2
          31        -280         525           2
          32        -280         475           2
          33          20         745           1
          34          20         695           1
          35          20         645           1
          36          20         595           1
          37          20         545           1
          38          20         495           1
          39          20         445           1
          40          20         795           1
          41          20         845           1
          42          20         895           1
          43          20         945           1
          44          20         995           1
          45          20         395           1
          46          20         345           1
          47          20         295           1
          48          20         245           1
          49          18         195           1
          50          14         145           1
          51           0         170           1
          52           0         270           1
          53           0         370           1
          54           0         470           1
          55           0         570           1
          56           0         670           1
          57           0         770           1
          58           0         870           1
          59           0         970           1
          60           0         920           1
          61           0         820           1
          62           0         720           1
          63           0         620           1
          64           0         520           1
          65        -320         825           2
          66        -320         275           2
          67        -320         225           2
          68        -320         175           2
          69        -320         125           2
          70        -318          75           2
          71        -314          25           2
          72        -300           0           2
          73        -300         100           2
          74        -300         200           2
          75        -300         300           2
          76        -300         400           2
          77        -300         500           2
          78        -300         600           2
          79        -300         700           2
          80        -300         800           2
          81        -300         850           2
          82        -300         750           2
          83        -300         650           2
          84        -300         550           2
          85        -300         450           2
          86        -300         350           2
          87        -300         250           2
          88        -300         150           2
          89        -300          50           2
          90        -280         825           2
          91        -280         275           2
          92        -280         225           2
          93        -280         175           2
          94        -280         125           2
          95        -282          75           2
          96        -286          25           2
          97        -654         240           3
          98        -670         190           3
          99        -670         265           3
         100        -670         365           3
         101        -670         465           3
         102        -670         565           3
         103        -670         665           3
         104        -650         290           3
         105        -650         340           3
         106        -650         390           3
         107        -650         440           3
         108        -650         490           3
         109        -650         990           3
         110        -650         940           3
         111        -650         890           3
         112        -650         840           3
         113        -650         790           3
         114        -650         740           3
         115        -650         690           3
         116        -650         640           3
         117        -650         590           3
         118        -650         540           3
         119        -320         325           2
         120        -320         375           2
         121        -320         425           2
         122        -320         475           2
         123        -320         525           2
         124        -320         575           2
         125        -320         625           2
         126        -320         675           2
         127        -320         725           2
         128        -320         775           2
         129       -1050         880           4
         130       -1050         830           4
         131       -1050         780           4
         132       -1050         730           4
         133        -690         490           3
         134        -690         540           3
         135        -690         590           3
         136        -690         640           3
         137        -690         690           3
         138        -690         740           3
         139        -690         790           3
         140        -690         840           3
         141        -690         890           3
         142        -690         940           3
         143        -690         990           3
         144        -690         440           3
         145        -690         390           3
         146        -690         340           3
         147        -690         290           3
         148        -686         240           3
         149        -670         215           3
         150        -670         315           3
         151        -670         415           3
         152        -670         515           3
         153        -670         615           3
         154        -670         765           3
         155        -670         865           3
         156        -670         965           3
         157        -670        1015           3
         158        -670         915           3
         159        -670         815           3
