exceldata=[];

exceldata=[
             1         -10        2525           1
           2         -10        2475           1
           3         -10        2425           1
           4         -10        2375           1
           5         -10        2325           1
           6         -10        2275           1
           7         -10        2225           1
           8         -10        2175           1
           9         -10        2125           1
          10         -10        2075           1
          11         -10        2025           1
          12         -10        1975           1
          13         -10        1925           1
          14         -10        1875           1
          15         -10        1825           1
          16         -10        1775           1
          17         -10        1725           1
          18         -10        1675           1
          19        -290         200           2
          20        -290         250           2
          21        -290         300           2
          22        -290         350           2
          23        -290         400           2
          24        -290         450           2
          25        -290         500           2
          26        -290         850           2
          27        -290         800           2
          28        -290         750           2
          29        -290         700           2
          30        -290         650           2
          31        -290         600           2
          32        -290         550           2
          33          10        1950           1
          34          10        1900           1
          35          10        1850           1
          36          10        1800           1
          37          10        1750           1
          38          10        1700           1
          39          10        1650           1
          40          10        2000           1
          41          10        2050           1
          42          10        2100           1
          43          10        2150           1
          44          10        2200           1
          45          10        2250           1
          46          10        2300           1
          47          10        2350           1
          48          10        2400           1
          49          10        2450           1
          50          10        2500           1
          51          10        2550           1
          52          10        2600           1
          53          10        2650           1
          54          10        1600           1
          55          10        1550           1
          56          10        1500           1
          57           0        1450           1
          58         -10        1475           1
          59         -10        1525           1
          60         -10        1575           1
          61         -10        1625           1
          62         -10        2675           1
          63         -10        2625           1
          64         -10        2575           1
          65        -310         575           2
          66        -310         625           2
          67        -310         675           2
          68        -310         725           2
          69        -310         775           2
          70        -310         825           2
          71        -310         875           2
          72        -310         925           2
          73        -310         975           2
          74        -310        1025           2
          75        -310        1075           2
          76        -310        1125           2
          77        -310        1175           2
          78        -310        1225           2
          79        -310        1275           2
          80        -310         175           2
          81        -310         125           2
          82        -310          75           2
          83        -310          25           2
          84        -300           0           2
          85        -290          50           2
          86        -290         100           2
          87        -290         150           2
          88        -290        1300           2
          89        -290        1250           2
          90        -290         900           2
          91        -290         950           2
          92        -290        1000           2
          93        -290        1050           2
          94        -290        1100           2
          95        -290        1150           2
          96        -290        1200           2
          97        -600        2550           3
          98        -600        2600           3
          99        -600        2650           3
         100        -600        1600           3
         101        -600        1550           3
         102        -600        1500           3
         103        -610        1450           3
         104        -600        2500           3
         105        -600        2450           3
         106        -600        2400           3
         107        -600        2350           3
         108        -600        2300           3
         109        -600        2250           3
         110        -600        2200           3
         111        -600        2150           3
         112        -600        2100           3
         113        -600        2050           3
         114        -600        2000           3
         115        -600        1950           3
         116        -600        1900           3
         117        -600        1850           3
         118        -600        1800           3
         119        -600        1750           3
         120        -600        1700           3
         121        -600        1650           3
         122        -310         225           2
         123        -310         275           2
         124        -310         325           2
         125        -310         375           2
         126        -310         425           2
         127        -310         475           2
         128        -310         525           2
         129        -916         700           4
         130        -916         650           4
         131        -916         600           4
         132        -916         550           4
         133        -916         500           4
         134        -916         450           4
         135        -916         400           4
         136        -620        1675           3
         137        -620        1725           3
         138        -620        1775           3
         139        -620        1825           3
         140        -620        1875           3
         141        -620        1925           3
         142        -620        1975           3
         143        -620        2025           3
         144        -620        2075           3
         145        -620        2125           3
         146        -620        2175           3
         147        -620        2225           3
         148        -620        2275           3
         149        -620        2325           3
         150        -620        2375           3
         151        -620        2425           3
         152        -620        2475           3
         153        -620        2525           3
         154        -620        1475           3
         155        -620        1525           3
         156        -620        1575           3
         157        -620        1625           3
         158        -620        2675           3
         159        -620        2625           3
