exceldata=[];

exceldata=[         
          
           1         -10        2000           1
           2         -10        1950           1
           3         -10        1900           1
           4         -10        1850           1
           5         -10        1800           1
           6         -10        1750           1
           7         -10        1700           1
           8         -10        1650           1
           9         -10        1600           1
          10         -10        1550           1
          11         -10        1500           1
          12         -10        1450           1
          13         -10        1400           1
          14         -10        1350           1
          15         -10        1300           1
          16         -10        1250           1
          17         -10        1200           1
          18         -10        1150           1
          19        -430         425           2
          20        -430         475           2
          21        -430         525           2
          22        -430         575           2
          23        -430         625           2
          24        -430         675           2
          25        -430         725           2
          26        -430        1075           2
          27        -430        1025           2
          28        -430         975           2
          29        -430         925           2
          30        -430         875           2
          31        -430         825           2
          32        -430         775           2
          33          10        1475           1
          34          10        1425           1
          35          10        1375           1
          36          10        1325           1
          37          10        1275           1
          38          10        1225           1
          39          10        1175           1
          40          10        1525           1
          41          10        1575           1
          42          10        1625           1
          43          10        1675           1
          44          10        1725           1
          45          10        1775           1
          46          10        1825           1
          47          10        1875           1
          48          10        1925           1
          49          10        1975           1
          50          10        2025           1
          51          10        2075           1
          52          10        2125           1
          53          10        2175           1
          54          10        1125           1
          55          10        1075           1
          56          10        1025           1
          57          10         975           1
          58           0         950           1
          59         -10        1000           1
          60         -10        1050           1
          61         -10        1100           1
          62         -10        2150           1
          63         -10        2100           1
          64         -10        2050           1
          65        -450         750           2
          66        -450         800           2
          67        -450         850           2
          68        -450         900           2
          69        -450         950           2
          70        -450        1000           2
          71        -450        1050           2
          72        -450        1100           2
          73        -450        1150           2
          74        -450        1200           2
          75        -450        1250           2
          76        -450        1300           2
          77        -450        1350           2
          78        -450        1400           2
          79        -450        1450           2
          80        -450        1500           2
          81        -450         350           2
          82        -450         300           2
          83        -450         250           2
          84        -440         200           2
          85        -430         225           2
          86        -430         275           2
          87        -430         325           2
          88        -430         375           2
          89        -430        1475           2
          90        -430        1125           2
          91        -430        1175           2
          92        -430        1225           2
          93        -430        1275           2
          94        -430        1325           2
          95        -430        1375           2
          96        -430        1425           2
          97        -746        2575           3
          98        -746        2625           3
          99        -746        2675           3
         100        -746        1625           3
         101        -746        1575           3
         102        -746        1525           3
         103        -746        1475           3
         104        -746        2525           3
         105        -746        2475           3
         106        -746        2425           3
         107        -746        2375           3
         108        -746        2325           3
         109        -746        2275           3
         110        -746        2225           3
         111        -746        2175           3
         112        -746        2125           3
         113        -746        2075           3
         114        -746        2025           3
         115        -746        1975           3
         116        -746        1925           3
         117        -746        1875           3
         118        -746        1825           3
         119        -746        1775           3
         120        -746        1725           3
         121        -746        1675           3
         122        -450         400           2
         123        -450         450           2
         124        -450         500           2
         125        -450         550           2
         126        -450         600           2
         127        -450         650           2
         128        -450         700           2
         129       -1056         525           4
         130       -1056         475           4
         131       -1056         425           4
         132       -1056         375           4
         133       -1056         325           4
         134       -1056         275           4
         135       -1056         225           4
         136        -766        1650           3
         137        -766        1700           3
         138        -766        1750           3
         139        -766        1800           3
         140        -766        1850           3
         141        -766        1900           3
         142        -766        1950           3
         143        -766        2000           3
         144        -766        2050           3
         145        -766        2100           3
         146        -766        2150           3
         147        -766        2200           3
         148        -766        2250           3
         149        -766        2300           3
         150        -766        2350           3
         151        -766        2400           3
         152        -766        2450           3
         153        -766        2500           3
         154        -756        1450           3
         155        -766        1500           3
         156        -766        1550           3
         157        -766        1600           3
         158        -766        2650           3
